1001571
1001606
1008929
1011260
1013849
1013864
1013899
1013910
1018064
1021504
1022207
1022730
1022731
1022732
1022808
1022809
1025290
1025339
10266
1028387
1032124
1032129
1032130
1032131
1032138
1032147
1032172
1032174
1032213
1032215
1032236
1032374
1032435
1032440
1032452
1032456
1032499
1032500
1032516
1032519
1032522
1032523
1032532
1032577
1032615
1032624
1032625
1032839
1032929
1032930
1032937
1033030
1033177
1033183
1035445
1035459
1035468
1035480
1035508
1035509
1035518
1035531
1035540
1035557
1035591
1035597
1035599
1035602
1035604
1035624
1035626
1035627
1035662
1035697
1035698
1035726
1035743
1035756
1035757
1035770
1035776
1035790
1035812
1035831
1035892
1036012
1036118
1036194
1036237
1036442
1036463
1036709
1036993
1036996
1036997
1037039
1037070
1037212
1037244
1037298
1037305
1037344
1037357
1037402
1037415
1037441
1037458
1037485
1037499
1037500
1037532
1037552
1037565
1037572
1037593
1037604
1037605
1037606
1037618
1037628
1037677
1037799
1037800
1037801
1037923
1038045
1038124
1038385
1040883
1040917
1040986
1041009
1041045
1041062
1041092
1041163
1041171
1041214
1041330
1041416
1041464
1041706
1041720
1041868
1041922
1042021
1042054
1042170
1042339
1042464
1042547
1042559
1042658
1042677
1042681
1042711
1042715
1042732
1042742
1042781
1042809
1042815
1042860
1042861
1042882
1042899
1042918
1042928
1042940
1042970
1042994
1043056
1043059
1043062
1043064
1043066
1043101
1043109
1043124
1043129
1043130
1043216
1043236
1043253
1043265
1043303
1043304
1043493
1043501
1043513
1043537
1043548
1043611
1043700
1043786
1043807
1043811
1043839
1043854
1043864
1043865
1043874
1043887
1043895
1043896
1043900
1043921
1043924
1043932
1043944
1043946
1043948
1043970
1043971
1043977
1043980
1043995
1043996
1044000
1044001
1044002
1044012
1044018
1044021
1044026
1044027
1044028
1044032
1044050
1044058
1044078
1044082
1044107
1044121
1044279
1044389
1044403
1044413
1044425
1044536
1044639
1044777
1045493
1045551
1045601
1045770
1045954
1045982
1045986
1046059
1046118
1046282
1046293
1046324
1046342
1046351
1046443
1046445
1046475
1046524
1046553
1046611
1046751
1047019
1047067
1047202
1047245
1047268
1047414
1047490
1047531
1047759
1047809
1048015
1048044
1048047
1048153
1048269
1048270
1048318
1048359
1048387
1048391
1048396
1048464
1048495
1048505
1048596
1048600
1048639
1048821
1048924
1062652
1069079
1070333
1071360
1075904
1075954
1075955
1075968
1075997
1076058
1076062
1076079
1076080
1076090
1076092
1076141
1076147
1076157
1076159
1076163
1076165
1076177
1076190
1076197
1076198
1076203
1076260
1076268
1076319
1076368
1076372
1076382
1076399
1076408
1076409
1076424
1076428
1076431
1076444
1076445
1076449
1076450
1076457
1076459
1076463
1076479
1076482
1076487
1076502
1076516
1076580
1076592
1076597
1076601
1076602
1076626
1076631
1076651
1076674
1076747
1076750
1076761
1076769
1076796
1076802
1076805
1076861
1076862
1076863
1076892
1077660
1077670
1077671
1078182
1078277
1078283
1078361
1078415
1078491
1078579
1078634
1078912
1078984
1079306
1079573
1079887
1080113
1080749
1080777
1094048
1094054
1094055
1094081
1094099
1094111
1094126
1094131
1095055
1095252
1095280
1095382
1095492
1096782
1096783
1096853
1096871
1096881
1096887
1096980
1097012
1097047
1097052
1097054
1097060
1097708
1097773
1097888
1099084
1099232
1099238
1099605
1099626
1099653
1099665
1099672
1099674
1099685
1099696
1099701
1099708
1099745
1099788
1099798
1099808
1099810
1099827
1099831
1099907
1099936
1099974
1100009
1100047
1100794
1100812
1100838
1100888
1100942
1101106
1101107
1101126
1101161
1101180
1101188
1101236
1101268
1101277
1101300
1101366
1101417
1101422
1101471
1101478
1101479
1101482
1101522
1101524
1101540
1101552
1101553
1101556
1101565
1101593
1101596
1101651
1101665
1101666
1101695
1101709
1101716
1101725
1101736
1101916
1102363
1102399
1102779
1102979
1103030
1103080
1103361
1103452
1103537
1103543
1103591
1103601
1103811
1103886
1103895
1103970
1103986
1103995
1104152
1104229
1104250
1104261
1104343
1104355
1104410
1104515
1104628
1104716
1104989
1105068
1105138
1105162
1105179
1105304
1105352
1105437
1105484
1105546
1105642
1105823
1105952
1106004
1106008
1120752
1120771
1120829
1133344
1134064
1143147
11705
1171010
1172918
1172919
1172969
1173115
1173129
1173139
1173143
1173157
1173171
1173217
1173223
1173239
1173246
1173271
1173281
1173282
1173376
1173476
1173582
1173587
1173588
1173592
1173601
1173625
1173632
1173652
1173719
1173728
1173734
1173765
1173791
1173803
1173807
1173809
1173823
1173827
1173834
1173842
1173859
1176325
1176343
1176345
1176347
1176348
1176351
1176354
1176362
1176364
1176381
1176384
1176388
1176389
1176392
1176399
1176400
1176405
1176411
1176436
1176442
1176443
1176449
1176456
1176466
1176473
1176474
1176481
1176498
1176500
1176526
1176547
1176585
1176616
1176648
1176679
1176688
1176692
1176696
1176697
1176699
1176704
1176712
1176714
1176720
1176721
1176726
1176733
1176737
1176740
1176742
1176746
1176749
1176752
1176761
1176763
1176772
1176790
1176795
1176803
1176812
1176813
1176819
1176821
1176831
1176833
1176835
1176836
1176839
1176840
1176841
1176882
1176883
1176885
1176886
1176890
1176891
1176924
1176933
1176945
1176962
1176969
1176996
1176997
1177017
1177019
1177031
1177097
1177101
1177103
1177118
1177121
1177123
1177125
1177129
1177139
1177151
1177154
1177155
1177159
1177175
1177185
1177206
1177221
1177243
1177269
1177270
1177291
1177296
1177305
1177332
1177344
1177369
1177388
1177390
1177397
1177402
1177405
1177409
1177411
1177427
1177430
1177431
1177440
1177443
1177457
1177464
1177467
1177473
1177479
1177485
1177503
1177512
1177537
1177545
1177549
1177555
1177588
1177589
1177594
1177596
1177597
1177607
1177623
1177625
1177657
1177659
1177665
1177667
1177673
1177678
1177679
1177688
1177694
1177702
1177706
1177718
1177725
1177735
1177738
1177753
1177754
1177761
1177765
1177767
1177772
1177773
1177778
1177780
1177781
1177782
1177788
1177796
1177823
1177837
1177863
1177897
1177898
1177912
1177938
1177943
1177947
1177962
1177967
1177969
1177973
1177978
1177982
1177983
1177997
1178002
1178011
1178043
1178069
1178074
1178085
1178098
1178099
1178103
1178108
1178117
1178127
1178139
1178165
1178195
1178199
1178209
1178210
1178211
1178212
1178215
1178228
1178229
1178238
1178239
1178244
1178245
1178247
1178250
1178251
1178252
1178254
1178256
1178257
1178259
1178260
1178262
1178269
1178275
1178278
1178279
1178284
1178286
1178287
1178289
1178290
1178293
1178295
1178297
1178298
1178299
1178302
1178303
1178306
1178308
1178310
1178312
1178313
1178314
1178317
1178318
1178324
1178326
1178327
1178328
1178341
1178343
1178349
1178377
1178379
1178389
1178427
1178447
1178459
1178468
1178577
1178920
1179238
1179469
1179885
1179891
1180150
1180185
1180433
1180458
1180667
1180836
1180949
1181002
1181160
1181303
1181316
1181334
1181336
1181338
1181340
1181360
1181394
1181411
1181413
1181416
1181427
1181437
1181467
1181479
1181488
1181538
1181546
1181570
1181575
1181631
1181634
1181637
1181651
1181657
1181666
1181670
1181766
1181788
1181853
1181856
1181859
1181867
1181880
1182041
1182152
1182247
1182260
1182431
1182443
1182448
1182503
1182530
1182534
1182614
1182626
1182630
1182686
1182698
1182703
1182723
1182728
1182735
1182787
1182791
1183004
1183253
1184032
1184033
1184215
1184320
1184418
1185276
1185320
1186134
1186220
1186277
1187205
1187220
1188097
1188353
1188385
1188475
1188611
1188625
1188668
1188678
1188722
1188752
1188970
1189053
1189105
1189114
1189143
1189159
1189224
1189319
1189324
1189473
1189477
1189517
1189650
1189790
1189831
1189973
1190091
1190340
1190394
1190551
1190608
1190714
1190738
1190820
1190829
1190844
1190858
1190874
1190931
1190963
1191346
1191380
1191404
1191478
1191482
1191504
1191511
1191539
1191558
1191609
1191671
1191783
1192021
1192494
1192499
1192570
1192577
1192633
1192650
1192651
1192804
1192819
1192851
1192859
1192884
1192997
1193020
1193023
1193024
1193035
1193060
1193065
1193066
1193073
1193076
1193097
1193263
1193267
1193301
1193332
1193395
1193501
1193698
1193721
1193798
1193859
1194201
1194202
1194229
1194306
1194498
1194524
1194556
1194614
1194618
1194642
1194644
1194865
1194875
1194931
1194949
1194983
1195008
1195110
1195117
1195207
1195316
1195386
1195414
1195488
1195527
1195661
1195747
1195898
1195927
1196000
1196027
1196071
1196074
1196085
1196102
1196130
1196208
1196228
1196234
1196239
1196266
1196275
1196278
1196307
1196332
1196342
1196363
1196373
1196377
1196505
1196507
1196534
1196540
1196551
1196629
1196630
1196665
1196710
1196792
1196844
1196849
1196862
1196866
1196925
1196996
1197024
1197187
1197275
1197322
1197332
1197350
1197365
1197366
1197388
1197402
1197438
1197460
1197479
1197490
1197596
1197601
1197635
1197728
1197774
1197792
1197871
1198058
1198093
1198118
1198160
1198168
1198303
1198345
1198352
1198376
1198378
1198416
1198461
1198559
1198664
1198666
1198915
1198984
1199199
1199200
1199228
1199236
1199365
1199432
1199438
1199538
1199650
1199661
1199675
1199695
1199719
1199758
1199768
1199823
1199835
1199904
1199909
1199975
1200003
1200007
1200031
1200063
1200109
1200149
1200159
1200218
1200240
1200296
1200375
1200387
1200389
1200426
1200689
1200723
1200792
1200863
1200872
1201003
1201023
1201036
1201072
1201086
1201149
1201180
1201269
1201412
1201424
1201434
1201490
1201579
1201589
1201595
1201612
1201707
1201709
1201795
1201806
1201819
1201928
1201978
1201980
1202077
1202220
1202238
1202358
1202376
1202382
1202404
1202411
1202454
1202481
1202592
1202597
1202981
1203053
1203060
1203127
1203128
1203339
1203466
1203480
1203485
1203504
1203609
1203682
1203691
1203720
1203829
1203835
1203916
1203935
12040
1204015
1204107
1204155
1204222
1204346
1204351
1204434
1204574
1204707
1204715
1204736
1204738
1204766
1204854
1204897
1205043
1205066
1205067
1205087
1205097
1205149
1205160
1205163
1205279
1205381
1205429
1205435
1205436
1205444
1205475
1205525
1205543
1205624
1205671
1205888
1205946
1206575
1206739
1206753
1206767
1206985
1207068
1207083
1207148
1207219
1207546
1207606
1207649
1207651
1207754
1207759
1207898
1207906
1207926
1207957
1207977
1208026
1208045
1208083
1208084
1208114
1208152
1208208
1208209
1208266
1208356
1208436
1208570
1208661
1208668
1208725
1208781
1208805
1208878
1208903
1208946
1209081
1209220
1209469
1209473
1209552
1209571
1209643
1209716
1209831
1209949
1210013
1210261
1210319
1210392
1210421
1210430
1210447
1210493
1210544
1210576
1210634
1210660
1210671
1210692
1210713
1210726
1210756
1210836
1210841
1210849
1210860
1210923
1211025
1211052
1211085
1211190
1211381
1211726
1211729
1211835
1211889
1211902
1211939
1212003
1212083
1212103
1212174
1212190
1212199
1212352
1212484
1212500
1212637
1212659
1212702
1212713
1212714
1212719
1212721
1212727
1212730
1212734
1212736
1212751
1212753
1212758
1212760
1212763
1212769
1212773
1212774
1212794
1212800
1212820
1212855
1212869
1212917
1212951
1212962
1213097
1213156
1213176
1213223
1213228
1213269
1213353
1213365
1213402
1213406
1213438
1213447
1213458
1213459
1213486
1213491
1213504
1213516
1213521
1213524
1213525
1213528
1213553
1213561
1213596
1213661
1213675
1213695
1213707
1213780
1213831
1213887
1213918
1214001
1214030
1214034
1214052
1214121
1214156
1214173
1214178
1214233
1214324
1214329
1214344
1214409
1214416
1214449
1214455
1214471
1214638
1214656
1214659
1214726
1214735
1214792
1214939
1214950
1214965
1215009
1215108
1215136
1215138
1215154
1215351
1215616
1215656
1215658
1215743
1215745
1215777
1215793
1215812
1215822
1215842
1215919
1216000
1216011
1216024
1216032
1216048
1216094
1216121
1216151
1216161
1216171
1216203
1216228
1216258
1216291
1216299
1216366
1216379
1216386
1216422
1216482
1216798
1216844
1216868
1216981
1217004
1217055
1217127
1217190
1217230
1217245
1217316
1217399
1217427
1217450
1217456
1217464
1217466
1217503
1217554
1217582
1217597
1217611
1217718
1217723
1217725
1217730
1217783
1217795
1217860
1217886
1217927
1217936
1217946
1218012
1218067
1218069
1218072
1218098
1218109
1218122
1218130
1218154
1218163
1218173
1218209
1218216
1218252
1218267
1218289
1218297
1218316
1218333
1218399
1218403
1218406
1218412
1218421
1218429
1218432
1218440
1218452
1218462
1218472
1218475
1218478
1218493
1218508
1218513
1218521
1218523
1218549
1218553
1218567
1218583
1218585
1218594
1218605
1218610
1218625
1218626
1218631
1218634
1218642
1218645
1218653
1218676
1218682
1218684
1218692
1218705
1218706
1218736
1218741
1218784
1218789
1218794
1218798
1218808
1218816
1218817
1218818
1218820
1218821
1218828
1218831
1218834
1218838
1218840
1218841
1218842
1218844
1218880
1218934
1218936
1218942
1218944
1219025
1219028
1219098
1219129
1219197
1219200
1219232
1219234
1219242
1219247
1219255
1219267
1219270
1219272
1219288
1219317
1219340
1219344
1219359
1219360
1219362
1219365
1219379
1219399
1219405
1219542
1219881
1219984
1220070
1220094
1220096
1220228
1220250
1220278
1220279
1220466
1220532
1220539
1220540
1220542
1220545
1220593
1220656
1220715
1220727
1220755
1220801
1220832
1220835
1220842
1220862
1220899
1220922
1220949
1220973
1221020
1221032
1221050
1221054
1221075
1221093
1221107
1221119
1221180
1221187
1221213
1221220
1221226
1221254
1221268
1221288
1221365
1221384
1221450
1221452
1221475
1221478
1221602
1221648
1221655
1221688
1221755
1221773
1221795
1221829
1221831
1221857
1221858
1221864
1221875
1221888
1221897
1221899
1221915
1221926
1221930
1221962
1221967
1221978
1221984
1221992
1221998
1222001
1222030
1222041
1222043
1222046
1222047
1222048
1222056
1222057
1222061
1222083
1222099
1222163
1222195
1222201
1222202
1222209
1222215
1222216
1222219
1222235
1222242
1222245
1222247
1222267
1222300
1222343
1222378
1222389
1222437
1222463
1222472
1222485
1222513
1222530
1222541
1222576
1222585
1222593
1222629
1222630
1222680
1222691
1222775
1222786
1222824
1222830
1222836
1222957
1222971
1222972
1222983
1223005
1223013
1223018
1223024
1223042
1223044
1223053
1223077
1223100
1223109
1223166
1223177
1223178
1223182
1223185
1223213
1223233
1223250
1223288
1223294
1223299
1223303
1223304
1223335
1223348
1223373
1223413
1223530
1223574
1223578
1223582
1223588
1223610
1223611
1223617
1223630
1223658
1223688
1223707
1223771
1223878
1223923
1224019
1224024
1224078
1224086
1224105
1224127
1224177
1224201
1224208
1224293
1224299
1224302
1224453
1224487
1224545
1224572
1224573
1224578
1224604
1224629
1224655
1224658
1224686
1224690
1224698
1224708
1224738
1224740
1224743
1224752
1224755
1224759
1224760
1224835
1224899
1224911
1224921
1224929
1224932
1224938
1224957
1224975
1225001
1225007
1225010
1225011
1225019
1225027
1225028
1225033
1225057
1225088
1225097
1225100
1225102
1225104
1225109
1225111
1225140
1225148
1225150
1225160
1225164
1225189
1225203
1225206
1225211
1225235
1225238
1225246
1225260
1225276
1225287
1225302
1225303
1225341
1225354
1225359
1225360
1225376
1225378
1225390
1225401
1225407
1225413
1225422
1225423
1225428
1225440
1225445
1225456
1225484
1225495
1225603
1225614
1225621
1225635
1225637
1225696
1225715
1225737
1225739
1225755
1225785
1225867
1225899
1225909
1225925
1225931
1225932
1226029
1226105
1226131
1226143
1226154
1226156
1226173
1226257
1226261
1226541
1226789
1227080
1227087
1227123
1227136
1227168
1227194
1227204
1227209
1227241
1227247
1227280
1227304
1227384
1227399
1227428
1227480
1227513
1227544
1227550
1227552
1227584
1227611
1227638
1227651
1227683
1227684
1227714
1227721
1227731
1227734
1227735
1227753
1227755
1227838
1227839
1227842
1227865
1227897
1227908
1227910
1227917
1227921
1227925
1227945
1227954
1227961
1227996
1228024
1228046
1228108
1228111
1228144
1228200
1228210
1228213
1228283
1228294
1228303
1228328
1228376
1228385
1228400
1228404
1228445
1228452
1228474
1228492
1228499
1228508
1228521
1228536
1228537
1228547
1228552
1228568
1228597
1228602
1228604
1228606
1228608
1228619
1228654
1228686
1228690
1228695
1228712
1228787
1228814
1228826
1228836
1228870
1228981
1229026
1229035
1229042
1229071
1229078
1229091
1229097
1229132
1229137
1229147
1229206
1229285
1233014
1233016
1233024
1233037
1233048
1233073
1233074
1233080
1233089
1233104
1233128
1233130
1233136
1233160
1233170
1233171
1233175
1233189
1233198
1233207
1233237
1233251
1233257
1233259
1233291
1233298
1233316
1233397
1233400
1233459
1233464
1233468
1233495
1233521
1233527
1233533
1233545
1233554
1233563
1233564
1233567
1233569
1233574
1233586
1233623
1233627
1233632
1233658
1233662
1233667
1233671
1233689
1233693
1233732
1233744
1233750
1233766
1233773
1233775
1233783
1233785
1233795
1233809
1233823
1233829
1233860
1233864
1233870
1233873
1233878
1233901
1233917
1233925
1233928
1233950
1233959
1233966
1233988
1233991
1234013
1234032
1234104
1234114
1234120
1234130
1234147
1234151
1234152
1234190
1234200
1234219
1234230
1234239
1234250
1234276
1234287
1234291
1234301
1234314
1234351
1234357
1234363
1234376
1234401
1234418
1234425
1234431
1234465
1234476
1234478
1234508
1234544
1234545
1234549
1234606
1234624
1234630
1234647
1234693
1234702
1234707
1234723
1234736
1234791
1234799
1234855
1234863
1234884
1234917
1234927
1234984
1235007
1235025
1235046
1235069
1235135
1235197
1235225
1235267
1235289
1235295
1235306
1235319
1235368
1235376
1235383
1235424
1235426
1235437
1235542
1235545
1235570
1235592
1235595
1235627
1235654
1235659
1235661
1235675
1235693
1235710
1235795
1235843
1235847
1235879
1235896
1235959
1236025
1236033
1236036
1236059
1236067
1236132
1236165
1236188
1236231
1236274
1236324
1236363
1236487
1236492
1236701
1236767
1237189
1237867
1238368
1238434
1238517
1238545
1238696
1238907
1239312
1244869
1244873
1244905
1244911
1244915
1244931
1244957
1244976
1244983
1245001
1245016
1245032
1245071
1245072
1245078
1245083
1245084
1245144
1245154
1245166
1245179
1245230
1245241
1245260
1245277
1245289
1245330
1245332
1245395
1245408
1245426
1245433
1245459
1245478
1245495
1245508
1245511
1245528
1245531
1245565
1245567
1245599
1245611
1245621
1245631
1245637
1245682
1245691
1245701
1245751
1245778
1245779
1245817
1245833
1245863
1245864
1245879
1245887
1245896
1245907
1245918
1245929
1245930
1245944
1245976
1246
1246033
1246055
1246069
1246113
1246116
1246138
1246140
1246147
1246166
1246184
1246194
1246229
1246235
1246237
1246241
1246245
1246299
1246348
1246352
1246355
1246373
1246387
1246412
1246435
1246438
1246446
1246451
1246459
1246461
1246475
1246490
1246499
1246508
1246529
1246537
1246548
1246554
1246592
1246617
1246645
1246664
1246672
1246746
1246755
1246758
1246785
1246800
1246849
1246856
1246863
1246881
1246890
1246939
1246948
1246955
1247011
1247169
1247243
1247267
1247277
1247321
1247327
1247371
1247425
1247463
1247465
1247471
1247476
1247479
1247500
1247519
1247558
1247728
1247745
1248168
1249333
1249492
1249697
1251093
1251404
1251416
1251946
1252316
1253012
1253019
1253150
1254277
1255447
1256846
1257214
1258020
1258162
1259488
1259854
1260096
1262781
1263007
1263953
1265553
1266607
1267964
1268159
1271060
1271729
1271978
1272202
1272303
1272388
1272475
1272755
1272760
1272846
1272866
1273123
1273130
1273464
1273581
1273649
1273740
1273743
1273830
1274025
1274143
1274243
1274279
1274527
1274766
1274918
1274949
1275227
1275262
1275487
1275686
1275790
1275986
1276311
1276442
1276755
1276783
1276910
1277038
1277703
1277787
1278033
1278188
1278360
1278612
1278619
1278941
1278982
1279034
1279062
1279232
1279318
1279363
1279364
1279561
1279759
1279763
1280834
1280895
1281007
1281631
1282595
1282693
1282759
1282869
1282942
1283389
1284679
1284893
1285981
1286142
1286841
1286896
1287635
1288751
1288978
1288991
1289222
1289263
1289684
1290397
1290410
1290754
1290888
1291005
1291335
1291664
1291817
1292063
1292799
1293833
1295140
1295166
1295198
1295199
1295905
1296443
1296462
1297690
1297758
1297814
1298536
1299455
1299471
1299640
1301347
1301722
1301773
1301965
1302313
1303115
1303127
1303136
1303296
1303469
1303831
1303877
1303907
1304341
1304342
1304518
1304638
1304800
1304822
1305099
1305328
1305509
1305525
1306027
1306478
1306506
1306566
1306620
1306929
1306952
1307341
1307551
1307582
1307940
1308402
1308681
1309364
1310460
1310691
1312206
1313760
1314196
13154
1315609
1320145
1324016
1324167
1324648
1325009
1326188
1326531
1330148
1331355
1332209
1332408
1333722
1336629
1337214
1337327
1338518
1340495
1340532
1341944
1342745
1342828
1343599
1343817
1347394
1347745
1350825
1351504
1351794
1351862
1353483
1354450
1354810
1355192
1355282
1355579
1355687
1356129
1356436
1356526
1356833
1357678
1358203
1359196
1359741
1360164
1360264
1360929
1360989
1361586
1362067
1362071
1363943
1365096
1365378
1366463
1367369
1368023
1368120
1368231
1368593
1369164
1369438
1369579
1369722
1370181
1370897
1371287
1371352
1371485
1372845
1373518
13745
1374666
1376775
1376805
1377137
1377469
1378182
1378205
1378486
1378966
1379262
1379329
1379819
1379871
1380123
1380484
1381564
1383237
1385162
1385922
1386508
1387378
1388405
1388646
1388887
1390509
1392663
1393149
1393223
1395157
1396010
1398131
1398614
1399132
1400773
1404407
1405146
1405822
1406798
1407574
14083
1408692
1408959
1408987
1409449
1410375
1410863
1411625
1412163
1412364
14127
14139
1416093
1421498
1423472
1431292
1437358
1443203
1445676
1446179
1446443
1446650
14679
1516307
1516413
1516478
1516692
1516706
1516948
1516960
1516973
1517069
1517096
1517104
1517111
1517127
1517148
1517149
1517169
1517224
1517238
1517244
1517272
1517283
1517289
1517296
1517346
1517349
1517359
1517447
1517521
1517536
1517541
1517573
1517586
1517684
1517740
1517776
1517804
1517805
1517827
1517846
1517987
1518012
1518022
1518082
1518138
1518143
1518226
1518302
1518306
1518318
1518402
1518428
1518521
1518702
1518711
1518724
1518745
1518750
1518753
1518769
1518772
1518900
1518938
1519031
1519179
1519180
1519206
1519219
1519220
1519243
1519250
1519261
1519272
1519350
1519374
1519390
1519427
1519433
1519459
1519502
1519514
1519522
1519654
1519702
1519745
1519793
1519803
1519830
1519849
1519852
1519858
1519874
1519881
1519883
1519899
1519944
1519954
1519988
1520023
1520029
1520035
1520090
1520110
1520229
1520230
1520238
1520308
1520386
1520435
1520442
1520444
1520461
1520482
1520555
1520563
1520601
1520724
1520747
1520748
1520811
1520852
1520924
1520955
1521034
1521041
1521180
1521193
1521264
1521506
1521510
1521616
1521619
1521624
1521637
1521656
1521662
1521685
1521691
1521698
1521717
1521728
1521765
1521801
1521829
1521864
1521866
1522041
1522047
1522063
1522066
1522081
1522103
1522159
1522180
1522267
1522277
1522287
1522302
1522366
1522517
1522577
1522620
1522629
1522660
1522734
1522788
1523057
1523129
1523161
1523210
1523256
1523292
1543276
1568135
1568159
1569012
1569036
1571056
1571236
1573004
1573889
1575286
1577282
1579563
16283
1638691
1638745
1638820
1638858
1638869
1638898
1639105
16398
1640067
1640734
1641121
1641158
1641665
1643291
1643334
1643420
1643680
1643829
1643984
1644021
1645141
1645234
1646935
1650136
1650411
1651026
1651542
1651775
1652433
1652491
1661570
1661648
1661760
1662030
1662213
1663191
1663998
1664598
1665188
1666215
1666361
1666404
1666600
16916
16933
17258
17271
17436
17443
17477
17631
1785424
17881
18038
1804
18085
1810050
1811371
18257
18269
1827335
18396
18401
1841520
1871
18728
18730
18731
18750
18774
18775
18816
18828
18830
18843
18857
18917
18924
18936
18950
18951
18959
18966
18968
18979
18995
19004
19017
19022
19026
19028
19035
19044
19059
19061
19067
19074
19097
19127
19130
19154
19165
19180
19218
19225
19254
19266
19270
19285
19294
19309
19333
19346
19359
19398
19417
19419
19421
19430
19466
19476
19483
19590
19710
19752
19785
1980018
1980704
19853
19935
20028
20167
2017427
20243
20302
20313
20349
20431
20484
20547
20693
20696
20783
20851
20968
20986
20989
21013
21016
21059
21060
21145
21216
21239
21259
21270
21333
21437
21476
21522
21590
21671
21717
21735
21850
21867
21926
21939
21971
21974
22015
22076
2210678
2210754
22113
22124
22135
2214947
2215799
2215808
2215904
2215910
2215958
2215998
2216000
2216001
2216042
2216299
2216304
2216375
2216699
2217075
2217085
2217105
2217135
2217204
2217206
2217234
2217243
2217266
2217293
2217296
2217299
2217384
2217427
2217446
2217483
2217634
2217644
2217693
2217706
2217753
2217838
2217870
2217875
2217884
2217890
2217924
2217949
2217976
2218002
2218033
2218071
2218098
2218104
2218122
2218134
2218150
2218198
2218203
2218220
2218262
2218290
2218298
2218311
2218323
2218329
2218331
2218341
2218347
2218351
2218363
2218371
2218403
2218404
2218410
2218434
2218440
2218456
2218472
2218495
2218509
2218544
2218548
2218564
2218623
2218630
2218640
2218651
2218661
2218663
2218668
2218707
2218721
2218733
2218741
2218748
2218769
2218793
2218804
2218825
2218915
2218957
2218981
2218985
2218999
2219001
2219010
2219036
2219064
2219076
2219084
2219106
2219139
2219214
2219269
2219304
2219331
2219339
2219373
2219422
2219778
2219822
2219892
2219938
2219947
2219948
2220066
2220201
2220202
2220207
2220211
2220213
2220216
2220222
2220226
2220234
2220238
2220325
2220358
2220382
2220384
2220388
2220389
2220405
2220413
2220455
2220457
2220458
2220484
2220486
2220487
2220495
2220503
2220531
2220547
2220549
2220551
2220554
2220561
2220566
2220571
2220576
2220596
2220597
2220642
2220660
2220682
2220699
2220726
2220746
2220761
2220785
22208
2220857
2220907
2221119
2221129
22219
2222767
2222837
2222878
2222917
2222927
2222938
2223125
2223597
2223651
2223661
2223664
2223665
2223690
2223880
2224156
2224223
2224255
2224261
2224279
2224308
2224450
2224681
2224731
2224752
2224776
2224790
2224795
2224799
2224830
2224860
2224874
22252
2225281
2225287
2225297
2225320
2225339
2225382
2225597
2225867
2225985
2226109
2226121
2226166
2226385
22265
2226544
2226681
2226689
2226692
2226884
2226934
2226954
2227000
2227022
2227063
2227175
2227184
2227249
2227250
2227414
2227600
2227656
2227668
2227677
2227859
2227860
2228148
2228152
2228208
22283
2228327
2228335
2228347
2228375
2228379
2228408
2228448
2228453
2228462
2228463
2228468
2228470
2228484
2228488
2228489
2228508
2228564
2228632
2228633
2228654
2228678
2228702
2228735
2228818
2228844
2228866
2228908
2228914
2228930
2228931
2228968
2228989
2228999
2229021
2229034
2229053
2229142
2229153
2229162
2229168
2229211
2229265
2229272
2229303
2229337
2229607
2229655
2229742
2229756
2229818
2229926
2229988
2229993
2229995
2229999
2230001
2230009
2230026
2230031
2230032
2230040
2230041
2230050
2230074
2230085
2230086
2230090
2230131
2230138
2230150
2230156
2230157
2230169
2230171
2230177
2230179
2230180
2230209
2230230
2230235
2230258
2230266
2230267
2230269
2230283
2230288
2230289
2230292
2230294
2230309
2230317
2230319
2230321
2230325
2230354
2230358
2230368
2230375
2230387
2230391
2230416
2230430
2230433
2230440
2230449
2230454
2230457
2230461
2230499
2230505
2230517
2230529
2230542
2230550
2230552
2230556
2230570
2230597
2230603
2230608
2230636
2230640
2230643
2230658
2230664
2230665
2230701
2230716
2230727
2230732
2230740
2230744
2230746
2230749
2230762
2230768
2230770
2230772
2230781
2230794
2230800
2230844
2230850
2230856
2230883
2230887
2230896
2230900
2230927
2230928
2230937
2230955
2230972
2230986
2230995
2231010
2231016
2231039
2231058
2231105
2231114
2231153
2231159
2231170
2231171
2231233
2231237
2231265
2231274
2231284
2231288
2231293
2231305
2231318
2231418
2231423
2231444
2231471
2231518
2231541
2231556
2231570
2231610
2231632
2231688
2231706
2231747
2231775
2231781
2231797
2231815
2231831
2231841
2231922
2232002
2232017
2232095
2232096
2232109
2232113
2232114
2232119
2232127
2232141
2232148
2232167
2232174
2232175
2232179
2232201
2232204
2232210
2232226
2232230
2232231
2232243
2232255
2232260
2232261
2232288
2232290
2232304
2232307
2232369
2232393
2232412
2232414
2232429
2232442
2232498
2232505
2232541
2232543
2232614
2232629
2232631
2232657
2232660
2232663
2232690
2232693
2232745
2232763
2232773
2232779
2232832
2232835
2232936
2232938
2233035
2233108
2233111
2233129
2233141
2233157
2233255
2233530
2233548
2233579
2233710
2233734
2233791
2233886
2233921
22341
2234300
2234827
2234874
2236358
2236419
2236509
22366
2237160
2237270
2239864
2239949
2240030
2240076
2240152
2240275
2240372
2240460
2240651
2240895
2240896
2241110
2241182
2241238
22413
2241404
2242040
2242239
2242328
22491
22588
22590
22614
22635
22684
22793
22949
23069
23081
23501
23880
23881
23972
24056
2408554
24102
2411688
24220
24447
24474
24619
24648
24752
248
25197
25219
25231
25240
25246
25247
25259
25260
25261
25300
25323
25382
25386
25393
25406
25457
25809
25813
25814
25825
25826
25845
25883
25961
25963
25964
25993
26003
26041
26049
26056
26069
26070
26077
26126
26181
26182
26214
26221
26269
26326
26335
26358
26412
26471
26546
26559
26563
26564
26566
26575
26576
26581
26582
26611
26614
26626
26643
26717
26749
26750
26773
26789
26791
26792
26805
26807
26811
26825
26860
26901
26902
26985
27008
27016
27027
27081
27102
27492
27557
2760630
2763178
2767171
2767577
2767639
2767689
27884
28009
28231
28444
28452
28637
28696
28770
28771
2898735
2903347
2912291
2912507
2920137
29472
30154
30947
30995
31218
31512
3155
31756
31758
31761
31780
31815
31829
31837
31872
31885
31890
31896
3282
32939
33300
33325
33432
33537
33546
33551
33708
33816
34015
34287
34296
34425
34493
34501
34591
34782
34864
34978
35033
35432
35644
36465
3742
37779
38090
38856
39160
39888
39933
39995
40066
40573
40778
42298
4383
4704
504122
504149
504184
504276
504385
504445
504509
504583
504615
504649
504703
504752
504863
504885
504974
505009
505040
505098
505110
505147
505170
505259
505286
505312
505440
505526
505589
505595
505623
505660
505732
505811
505819
510036
510080
510351
510367
510381
510450
510606
510619
510624
510635
510641
510668
510670
510708
510730
510742
530050
530214
530392
530395
530413
530435
530513
530601
530636
530780
530877
530917
530945
531041
531053
531066
531655
531715
531901
531960
532027
532110
532403
532433
532545
532656
532666
532705
532755
540050
540111
540145
540313
540314
540420
540431
540433
540591
540592
540655
540658
540712
540740
540767
540965
541023
541620
541673
541794
541930
541977
542008
542018
542120
542146
542157
542158
542530
542803
542896
542912
542976
543041
543094
543107
547069
549058
549711
549767
550745
550944
551086
551403
551451
552162
552676
553913
553960
554007
554079
554148
554293
554391
554531
554569
554683
554814
555
555031
555399
555470
555502
555589
555698
555752
555758
555778
555802
555981
556373
556401
556428
556507
556581
556603
556667
556692
556723
556765
556875
556960
556984
557020
557085
557307
557398
557546
557596
557783
558156
558179
558202
558400
558429
558486
558525
558611
558732
558841
558860
559163
559280
559328
559436
559518
559532
559626
559629
559713
559716
559750
559754
559809
559874
560103
560112
560123
560126
560130
560330
560520
560628
560751
560849
560924
560990
561036
561087
561139
561267
561343
561362
561402
561410
561516
561519
562456
563048
565518
565814
566333
567605
567650
567703
567900
567933
568503
568653
568729
568816
569547
570107
570414
570514
570545
571055
571165
571245
571284
572159
572788
574915
579188
579284
579496
580234
581237
581532
582883
585226
585319
585400
586092
600152
600221
601268
601376
601882
601952
603128
603575
603940
604071
604429
605060
605340
605437
607917
611378
611630
611817
612405
613523
616515
616616
619611
622558
622613
624009
625242
625251
625252
625275
625282
625838
626070
626305
626406
626570
626573
626689
626827
626851
626855
628588
629397
630641
630866
636959
636960
637295
638374
638598
639347
640345
640765
641117
641497
641595
643564
644028
644277
644324
644325
644758
645159
645545
645796
645953
647363
647805
647840
648745
649039
649086
649805
650029
650055
650112
650224
650392
650518
650954
651106
651406
651724
651997
652092
652326
652337
652683
652793
653005
653429
653817
654225
654299
654312
654759
655003
655085
6551
655124
655631
656144
656859
6624
6670
6672
669355
673174
673635
673704
673820
674464
674482
675117
675126
675305
675397
675499
677097
677654
6834
683792
683793
6838
683831
684744
684770
684784
684826
684864
684865
685153
685218
685230
685232
685351
685365
685369
685434
685444
685527
685663
689973
690058
690495
690544
690548
690584
690844
691111
693284
694075
694541
694564
694615
694868
694869
694875
694884
694907
694909
694910
694917
694928
694934
694948
694963
694979
695054
695057
695062
695082
695093
695491
695554
695805
695964
695983
696031
696335
696580
696780
696839
696936
696951
697221
697733
697764
697784
697800
697811
697816
697819
697821
697833
697835
697842
698316
698573
698576
698627
698654
698670
698680
698682
698686
698695
698711
6988
699146
699378
699888
703231
703320
704100
704185
704206
704251
704255
704299
704387
704536
704632
704634
704688
704755
704946
704950
705011
705089
705201
705312
705329
705381
705390
705398
705414
705416
705424
705431
705433
705435
705437
705547
705551
705553
705555
705558
705588
705604
705638
705744
705753
705842
705845
705884
705896
705898
706229
706238
706341
706411
706459
706492
706875
707911
715262
715275
715276
715438
715572
715614
715811
716814
720106
720248
720269
720286
720332
720424
720729
721039
721077
721172
721689
721924
725423
725491
725593
726116
726695
727170
727423
728069
728240
729483
730638
731573
731625
731953
733521
734098
734319
735131
735518
735530
735545
735565
735566
735584
735586
735783
742859
743549
743577
743600
743603
743624
743742
743814
743819
743862
743878
743959
743972
744001
744184
744239
744274
744374
744386
744554
744651
744690
744713
744767
744814
744930
745200
745208
746030
746071
746355
746730
746791
752412
752416
752447
752456
752470
752486
752488
752493
752506
752521
752523
752566
752570
752576
752590
752593
752595
752610
752614
752617
752624
752644
752650
752652
752653
752655
752657
752659
752667
752680
752687
752697
752718
752739
752751
752761
752775
752777
752799
752802
752804
752817
752830
752848
752855
752859
752868
752872
752873
752892
752893
752897
752900
752913
752916
752925
752935
752939
752941
752950
752956
752962
752975
752987
752992
752995
752999
753003
753008
753015
753017
753018
753020
753033
753042
753050
753057
753064
753067
753068
753072
753083
753104
753106
753109
753111
753118
753126
753133
753138
753140
753145
753154
753155
753159
753165
753178
753182
753187
753194
753206
753210
753222
753225
753230
753238
753243
753255
753256
753274
753275
753290
753333
753336
753348
753407
753409
753410
753451
753464
753474
753521
753523
753540
753569
753582
753591
753595
753617
753618
753634
753636
753638
753645
753647
753665
753666
753695
753697
753758
753762
753770
753777
753787
753789
753877
753888
753893
753897
753899
753902
753916
753930
753951
753978
753998
754025
754028
754035
754045
754057
754063
754076
754087
754090
754094
754097
754129
754148
754166
754201
754222
754255
754256
754258
754259
754261
754277
754278
754281
754288
754303
754325
754332
754336
754342
754360
754373
754386
754389
754391
754412
754413
754420
754427
754460
754463
754476
754477
754493
754518
754527
754536
754543
754546
754548
754554
754559
754562
754565
754582
754591
754592
754593
754595
754600
754602
754607
754616
754622
754642
754653
754679
754680
754685
754705
754726
754731
754743
754758
754764
754765
754786
754803
754805
754807
754813
754814
754831
754842
754865
754868
754879
754884
754888
754898
754900
754906
754915
754938
754944
754946
754951
754952
754958
754962
754972
754987
755006
755008
755011
755038
755039
755048
755051
755063
755069
755085
755090
755094
755098
755099
755101
755106
755114
755119
755129
755143
755145
755153
755170
755172
755180
755187
755189
755195
755201
755202
755204
755207
755208
755215
755218
755224
755230
755232
755242
755254
755262
755273
755274
755276
755279
755280
755283
755285
755294
755296
755310
755319
755324
755330
755332
755337
755338
755341
755359
755383
755400
755406
755423
755437
755444
755458
755469
755474
755490
755514
755516
755518
755524
755536
755545
755553
755564
755567
755626
755639
755645
755670
755676
755677
755682
755700
755712
755720
755721
755730
755732
755763
755765
755786
755787
755803
755806
755815
755818
755819
755823
755824
755826
755833
755843
755846
755848
755855
755858
755859
755863
755873
755879
755885
755912
755913
755914
755917
755919
755923
755927
755929
755944
755945
755957
755965
755966
755967
755968
755973
755981
755983
755992
755996
755997
756002
756004
756011
756026
756033
756046
756047
756051
756055
756057
756058
756078
756101
756107
756110
756114
756115
756125
756141
756144
756145
756153
756155
756165
756179
756189
756192
756197
756209
756222
756223
756231
756232
756242
756247
756268
756283
756292
756311
756330
756333
756346
756356
756358
756367
756375
756379
756381
756384
756386
756387
756396
756404
756405
756407
756410
756418
756419
756421
756430
756449
756453
756471
756480
756484
756492
756497
756498
756503
756507
756527
756549
756561
756567
756590
756604
756606
756609
756619
756625
756636
756644
756657
756664
756671
756675
756693
756697
756710
756716
756720
756731
756753
756756
756759
756766
756776
756786
756788
756791
756792
756802
756803
756815
756816
756820
756824
756825
756835
756845
756848
756856
756862
756899
756904
756921
756929
756941
756955
756959
756960
756964
756971
756984
756987
756994
756995
757010
757016
757019
757027
757035
757037
757050
757061
757069
757078
757088
757095
757097
757103
757114
757117
757120
757121
757129
757134
757135
757146
757147
757153
757181
757182
757187
757216
757222
757227
757248
757255
757258
757269
757289
757294
757311
757315
757339
757348
757359
757363
757370
757408
757426
757429
757435
757438
757447
757449
757451
757452
757453
757455
757456
757460
757465
757478
757485
757488
757500
757540
757544
757552
757565
757570
757579
757592
757596
757614
757618
757626
757629
757644
757648
757649
757653
757662
757676
757691
757692
757693
757712
757713
757725
757731
757732
757753
757766
757792
757814
757833
757856
757897
757908
757923
757939
757940
757949
757950
757988
758000
758011
758013
758072
758075
758077
758079
758084
758090
758099
758105
758113
758121
758132
758136
758141
758142
758164
758183
758184
758186
758191
758205
758206
758208
758216
758220
758222
758232
758249
758257
758262
758271
758305
758306
758321
758349
758352
758365
758375
758381
758388
758398
758409
758420
758421
758434
758436
758459
758465
758469
758470
758493
758494
758499
758500
758503
758506
758507
758514
758515
758516
758519
758522
758529
758534
758535
758540
758545
758547
758553
758557
758559
758561
758562
758565
758569
758574
758576
758577
758580
758585
758596
758598
758602
758608
758611
758614
758618
758622
758623
758630
758631
758633
758636
758639
758641
758649
758654
758678
758685
758691
758695
758699
758705
758716
758719
758722
758724
758730
758735
758738
758740
758749
758760
758762
758763
758766
758768
758771
758773
758774
758778
758782
758787
758794
758795
758798
758801
758821
758823
758825
758830
758847
758853
758854
758860
758862
758865
758871
758878
758879
758883
758889
758900
758902
758909
758910
758911
758917
758919
758921
758926
758930
758932
758935
758939
758940
758943
758962
758964
758965
758971
758973
758977
758982
758983
758992
759000
759002
759012
759015
759016
759022
759025
759033
759034
759037
759038
759041
759046
759050
759051
759053
759058
759063
759070
759074
759075
759080
759083
759092
759106
759121
759127
759130
759138
759144
759159
759160
759164
759167
759180
759182
759192
759193
759196
759197
759199
759201
759204
759221
759222
759229
759239
759241
759245
759247
759248
759258
759259
759262
759268
759270
759273
759282
759283
759284
759285
759294
759295
759296
759297
759313
759315
759319
759321
759323
759331
759352
759362
759371
759383
759387
759394
759395
759397
759401
759403
759417
759422
759428
759431
759437
759456
759466
759467
759474
759478
759490
759497
759504
759517
759528
759529
759531
759537
759543
759546
759547
759551
759561
759563
759566
759569
759575
759584
759585
759590
759592
759594
759595
759598
759605
759606
759608
759617
759618
759625
759643
759659
759660
759661
759674
759677
759697
759731
759744
759760
759765
759768
759769
759773
759778
759810
759820
759855
759860
759872
759880
759890
759895
759903
759910
759913
759914
759919
759922
759927
759950
759959
759961
759971
759974
759988
759989
760003
760016
760034
760050
760077
760096
760104
760108
760116
760142
760163
760164
760174
760208
760214
760227
760243
760247
760254
760257
760258
760263
760269
760279
760280
760284
760295
760318
760324
760343
760345
760352
760357
760363
760364
760788
760796
760809
760822
760830
760833
760848
760932
761017
761060
761063
761065
761073
761093
761094
761100
761131
761189
761192
761195
761198
761201
761202
761203
761205
761207
761211
761212
761213
761214
761215
761220
761221
761222
761225
761226
761227
761230
761231
761233
761234
761235
761241
761244
761246
761250
761257
761258
761277
761390
761441
761481
761526
761530
761592
761602
761716
761932
761944
762142
762415
762474
762529
762538
762575
762632
762643
762657
762676
762692
762694
762700
762702
762710
762856
762863
762996
763013
763017
763020
763021
763023
763065
763068
763223
763244
763248
763305
763339
763342
763428
763429
763436
763484
763491
763524
763588
763619
763659
763729
763763
763767
763780
763910
763916
763920
763922
763933
763959
764034
764048
764074
764111
764163
764250
764262
764326
764340
764341
764344
764346
764348
764355
764383
764401
764402
764410
764415
764443
764457
764459
764460
764476
764478
764501
764502
764505
764506
764507
764512
764514
764542
764547
764552
764554
764556
764559
764571
764573
764581
764587
764593
764594
764612
764613
764624
764651
764668
764679
764702
764707
764720
764722
764723
764738
764741
764745
764747
764799
764815
764827
764836
764865
764867
764869
764872
764874
764875
764882
764884
764885
764888
764889
764891
764903
764904
764930
764931
764932
764936
764938
764940
764962
764969
764977
765004
765027
765085
765172
765192
765203
765285
765392
765416
765464
765504
765510
765561
765575
765579
765583
765590
765598
765603
765604
765605
765615
765627
765631
765635
765636
765638
765641
765643
765650
765701
765704
765712
765771
765833
765860
765944
765948
765988
766014
766022
766043
766044
766078
766132
766133
766136
766138
766142
766376
766377
766384
766401
766414
766418
766442
766456
766461
766464
766479
766485
766489
766490
766495
766497
766507
766508
766510
766512
766514
766530
766533
766535
766539
766542
766564
766566
766625
766637
766664
766685
766696
766699
766709
766713
766788
766800
766818
766960
766973
766984
767222
767248
767269
767276
767328
767363
767373
767438
767442
767499
767668
767675
767681
767707
767722
767746
767773
767774
767960
767972
768042
768053
768066
768081
768094
768108
768109
768179
768180
768289
768290
768375
768376
768377
768413
768415
768443
768464
768478
768485
768491
768499
768557
768562
768591
768595
768602
768618
768624
768629
768630
768640
768644
768645
768646
768648
768657
768661
768672
768682
768685
768687
768689
768692
768703
768704
768707
768720
768729
768805
768830
768831
768833
768853
768862
768874
768894
768895
768930
768937
768938
768945
769018
769456
769457
769468
769470
769471
769476
769494
769502
769506
769519
769525
769530
769545
769566
769570
769579
769606
769622
769626
769627
769637
769653
769658
769659
769662
769734
769792
769856
769871
769877
769975
770075
770107
770175
770327
770328
770356
770394
770489
770508
770520
770521
770523
770526
770572
770576
770589
770599
770627
770629
770651
770663
770674
770691
770707
770709
770714
770729
770733
770739
770744
770757
770762
770764
770768
770772
770822
770825
770828
770834
770837
770854
770860
770879
770885
770893
770902
770923
770934
770939
770953
770958
770962
771016
771022
771027
771029
771042
771048
771051
771057
771061
771062
771063
771065
771078
771082
771083
771089
771093
771124
771125
771135
771138
771144
771171
771188
771192
771199
771204
771207
771233
771245
771261
771267
771289
771311
771312
771318
771326
771337
771347
771350
771362
771370
771393
771396
771398
771478
771498
771508
771571
771687
771712
771819
771820
771836
771885
771894
771903
771908
771917
771947
771952
771986
771993
771996
772015
772031
772056
772060
772062
772071
772072
772076
772093
772095
772097
772106
772124
772131
772135
772138
772146
772167
772168
772169
772178
772179
772200
772267
772274
772286
772294
772306
772312
772328
772390
772409
772417
772421
772430
772432
772435
772436
772464
772506
772508
772512
772517
772522
772525
772531
772536
772539
772544
772565
772596
772600
772616
772636
772648
772649
772669
772705
772717
772738
772851
772859
772906
772911
772927
772930
772934
772953
772992
773010
773026
773033
773088
773104
773105
773158
773162
773163
773198
773201
773204
773399
773453
773518
773519
773525
773547
773576
773598
773671
773672
773674
773699
773709
773741
773751
773757
773804
773982
773989
774048
774106
774155
774165
774238
774281
774303
774310
774318
774319
774324
774343
774347
774349
774362
774366
774368
774370
774373
774374
774377
774378
774381
774384
774385
774393
774394
774395
774396
774410
774420
774462
774494
774498
774570
774583
774602
774612
774626
774648
774656
774659
774667
774668
774673
774705
774717
774790
774807
774849
774870
774878
774889
774898
774915
774923
774930
774932
774933
774935
774943
774976
774994
774995
775001
775004
775005
775013
775014
775017
775018
775073
775099
775101
775125
775128
775133
775153
775155
775160
775172
775175
775176
775178
775186
775187
775189
775191
775193
775203
775215
775221
775238
775239
775240
775252
775257
775258
775261
775262
775268
775269
775272
775280
775287
775288
775293
775303
775304
775306
775316
775322
775335
775337
775389
775411
775436
775441
775445
775460
775462
775490
775523
775524
775631
775705
775721
775742
775750
775874
775891
775897
775945
775954
775968
775979
775984
775987
775988
775989
775993
775996
775999
776005
776012
776044
776046
776051
776055
776058
776062
776089
776112
776115
776118
776121
776135
776141
776142
776144
776146
776154
776163
776178
776208
776209
776272
776318
776391
776398
776458
776460
776471
776476
776489
776522
776529
776544
776546
776547
776550
776551
776554
776565
776572
776573
776600
776601
776606
776633
776639
776652
776666
776668
776686
776731
776747
776753
776760
776768
776769
776806
776847
776860
776874
776880
776904
776909
777003
777004
777049
777063
777195
777232
777279
777319
777330
777347
777350
777357
777373
777396
777408
777420
777431
777438
777445
777446
777454
777455
777456
777476
777513
777520
777536
777542
777557
777570
777573
777574
777583
777585
777587
777636
777637
777649
777653
777685
777687
777716
777727
777729
777737
777739
777743
777746
777764
777765
777768
777790
777792
777794
777795
777800
777802
777811
777815
777824
777829
777833
777841
777845
777847
777852
777856
777876
777878
777892
777903
777916
777933
777943
777957
777998
778004
778007
778012
778021
778045
778046
778083
778119
778124
778135
778158
778174
778182
778201
778202
778203
778205
778206
778217
778220
778242
778248
778257
778260
778265
778271
778272
778302
778306
778317
778326
778382
778398
778477
778494
778495
778496
778503
778593
778608
778622
778668
778673
778677
778721
778723
778734
778748
778754
778755
778758
778793
778809
778811
778821
778830
778844
778859
778882
778883
778884
778990
779006
779007
779011
779026
779047
779053
779056
779057
779087
779091
779164
779209
779210
779250
779262
779305
779306
779307
779311
779333
779334
779339
779349
779353
779359
779362
779386
779412
779418
779446
779451
779471
779520
779526
779595
779613
779614
779615
779746
779765
779774
779783
779789
779820
779877
779888
779889
779890
779891
779897
779899
779903
779905
779908
780097
780099
780103
780107
780121
780128
780129
780154
780155
780157
780179
780183
780188
780192
780200
780202
780203
780206
780216
780292
780294
780297
780298
780299
780305
780312
780315
780404
780405
780430
780434
780457
780474
780489
780491
780496
780497
780499
780508
780515
780519
780523
780532
780568
780575
780583
780585
780594
780681
780695
780735
780760
780773
780776
780785
780786
780788
780791
780793
780799
780801
780853
780854
780858
780861
780863
780868
780870
780871
780892
780895
780938
780940
780974
780977
780978
781010
781012
781016
781048
781053
781596
781603
781606
781609
781611
781613
781683
781767
781954
782631
782634
782635
782636
782638
782646
782655
782726
783903
783919
787524
793779
793791
796968
797054
797419
799417
799579
800100
800159
800259
801578
801887
801999
802705
802872
803131
803497
805897
806082
806951
807122
807238
807564
807581
807827
807965
807985
807992
818283
818286
818295
818400
818418
818432
818519
818569
818574
818579
818654
818655
818685
818725
820860
821363
821676
821906
828605
829746
829913
829947
831073
831160
831266
831271
839723
849144
849145
849164
849222
849274
849275
849278
849293
849305
849306
849334
849337
849374
849379
849382
849393
849395
849415
849416
849419
849448
849459
849463
849468
849471
849473
849483
849484
849492
849506
849513
849525
849528
849544
849555
849563
849564
849584
849590
849612
849617
849619
849620
849622
849623
849632
849678
849690
849695
849704
849708
849710
849720
849740
849747
849784
849804
849951
849995
850003
850021
850023
850103
850191
850218
850222
850225
850226
850228
850232
850255
850260
850329
850340
850341
850359
850397
850401
850404
850409
850422
850537
850538
850580
850739
850743
850744
850757
850795
850878
850880
850883
850893
850902
850905
850915
850922
850933
850955
850961
850962
850978
850996
851087
851092
856325
856977
857353
859102
859109
859111
859112
859186
859543
859878
860893
860959
861039
861170
861176
861290
861480
861530
861542
861559
861570
861602
861691
862301
863081
863112
863290
863293
863316
863330
863333
863356
863368
863392
863407
863409
863415
863416
863443
863767
863869
863880
864432
864636
864958
865132
866783
867567
867569
867661
867719
867832
868005
879789
880385
881173
881183
881189
881807
882582
882849
882858
882899
882928
883454
885521
886023
886266
887364
887367
887511
887523
887746
891361
8923
8924
893545
9211
938392
943492
971633
972662
973579
974000
975322
976603
978091
995285
996994
997515
997552
9977
999122
999178
